(179301376,)
[-0.5492747 -0.5492747 -0.5492747 ... -0.5565871 -0.5565871  2.2514923]
[2.18964529e+00 3.38893156e+05 5.46570875e+05 9.48113672e+04
 4.82950844e+05 8.98273672e+04 3.56345438e+05 1.86211484e+05
 1.81849312e+05 2.41341469e+05 7.07322109e+04 2.70549781e+05
 1.01411766e+05 2.63630844e+05 1.85794375e+05 2.50625641e+05
 2.02647484e+05 1.92399469e+05 1.92816969e+05 1.24059148e+05
 1.69031062e+05 3.57435625e+04 9.90971406e+04 7.03767188e+04
 5.52561445e+04 6.53715078e+04 4.15936797e+04 7.31354062e+04
 2.40389824e+04 6.46314766e+04 2.58738496e+04 5.62797305e+04
 9.67050879e+03 1.16392617e+04 2.91006094e+04 3.41559180e+04
 3.35823320e+04 4.97543047e+04 5.06645273e+04 4.65689805e+04
 2.16843711e+04 4.58296211e+04 4.09630273e+04 4.54998242e+04
 6.88037812e+04 7.07771484e+04 7.48460469e+04 6.87888984e+04
 7.82970391e+04 7.36803828e+04 5.62153516e+04 4.08287109e+04
 6.47047734e+04 3.00456445e+04 3.60656602e+04 1.99290000e+04
 3.57639883e+04 2.91282383e+04 2.77333340e+04 4.22965000e+04
 3.50252109e+04 1.55053340e+04 3.79367031e+04 2.02467441e+04
 2.69855938e+04 5.83678223e+03 2.22598496e+04 3.26687773e+04
 1.94477051e+04 1.99185410e+04 2.53070781e+04 2.48151250e+04
 3.02824746e+04 1.46110195e+04 3.22238242e+04 1.23993838e+04
 2.29735254e+04 4.30379648e+04 5.33382188e+04 2.97651270e+04
 2.02327129e+04 4.06018711e+04 2.69326270e+04 3.57080859e+04
 1.55180420e+04 3.00382598e+04 1.41711211e+04 2.22265352e+04
 2.95322773e+04 1.81247402e+04 1.98228691e+04 1.94425977e+04
 3.24650332e+04 2.99011348e+04 2.36586797e+04 2.79520137e+04
 1.68879277e+04 5.26312012e+03 1.56978027e+04 1.92750273e+04
 1.54186797e+04 2.82093438e+04 2.02867480e+04 2.01182246e+04
 1.95543516e+04 2.95391484e+04 7.26064600e+03 4.00378320e+04
 1.67802637e+04 2.82734844e+04 9.91196680e+03 2.51889531e+04
 2.42549102e+04 3.49403750e+04 2.04038203e+04 1.02095225e+04
 2.53160859e+04 7.05234131e+03 2.85746562e+04 1.93896367e+04
 3.51769751e+03 1.93394004e+04 2.58445723e+04 2.67880273e+04
 1.86540273e+04 1.97459629e+04 1.93669922e+04 1.40540195e+04
 2.15601562e+03 1.09562734e+04 2.10271250e+04 1.90207031e+04
 5.02529248e+03 6.18515479e+03 3.01216992e+04 6.03372607e+03
 3.93516968e+03 1.46510186e+04 2.55982598e+04 5.96647412e+03
 1.13373164e+04 2.16565664e+04 3.39614766e+04 2.02195879e+04
 3.08713848e+04 1.46196006e+04 1.47619844e+04 2.50638945e+04
 2.03258906e+04 1.00577588e+04 7.58793311e+03 2.41644746e+04
 3.46029258e+04 1.14222363e+04 1.30256553e+04 7.76933252e+03
 2.65364121e+04 9.68969141e+03 2.74024590e+04 1.44333389e+04
 1.23487266e+04 1.37968467e+04 9.19717285e+03 8.97991504e+03
 5.67459717e+03 1.74884021e+03 3.64620386e+03 9.69470215e+03
 6.80964355e+03 8.76321191e+03 2.97421602e+04 7.32425635e+03
 1.78250449e+04 1.39186387e+04 2.42627441e+03 1.21350518e+04
 1.29467539e+04 2.12034766e+04 9.79841797e+03 1.92898672e+04
 1.57958623e+04 3.89517822e+03 2.22255586e+04 1.61297949e+04
 1.52086279e+04 3.29273320e+04 3.68622070e+04 8.07274170e+03
 1.06688584e+04 1.27438115e+04 8.37749414e+03 7.55093359e+03
 1.14970479e+04 1.53488477e+04 3.92441528e+03 2.78370410e+04
 1.22500166e+04 9.45016016e+03 1.34971611e+04 2.89029941e+04
 1.61156426e+04 2.37545156e+04 1.33679062e+04 2.07081953e+04
 1.51332764e+04 2.66659121e+04 1.57951025e+04 2.02489629e+04
 1.35046553e+04 4.49018408e+03 1.88283066e+04 1.83309551e+04
 2.41400156e+04 2.65824121e+04 1.63778555e+04 2.69218906e+04
 1.38607898e+03 1.08949736e+04 2.95227539e+04 1.17985811e+04
 1.77576875e+04 1.87008730e+04 2.38631875e+04 1.22691279e+04
 1.96410801e+04 1.53804121e+04 1.24252383e+04 3.58345312e+04
 1.05966289e+04 1.00043711e+04 1.64797461e+04 5.83929980e+03
 1.33069180e+04 1.20576963e+04 9.60457031e+03 2.50074785e+04
 1.52842188e+03 2.97696045e+03 5.29801172e+03 1.68092715e+04
 6.59038965e+03 1.33723203e+04 2.15983945e+04 1.87327969e+04
 1.35460332e+04 1.98405605e+04 1.41160996e+04 1.50326963e+04
 9.25386133e+03 3.06552344e+04 1.37641826e+04 9.33721289e+03
 2.21894727e+04 8.65390137e+02 7.47093628e+02 3.23078516e+03
 7.36262109e+03 2.24460918e+04 1.75382363e+04 6.14206543e+03
 1.21194121e+04 1.50581953e+04 1.42202354e+04 1.64509277e+04
 1.37612510e+04 3.94049487e+03 2.11203691e+04 1.08569551e+04
 5.75588916e+03 7.47511182e+03 2.24679863e+04 2.31771426e+04
 1.12501016e+04 1.93183398e+04 1.17877383e+04 1.06220801e+03
 1.81330020e+04 4.44661670e+03 4.55197998e+03 4.30959900e+02
 1.94502031e+04 1.40606982e+04 3.05541738e+04 1.32987622e+03
 1.86224434e+04 2.17556797e+04 1.31471035e+04 1.05081689e+04
 6.85320654e+03 1.38490889e+04 7.64042334e+03 1.29598096e+04
 1.28175605e+04 2.34356875e+04 1.11560000e+04 8.43751465e+03
 1.71222168e+04 9.59968066e+03 1.18316182e+04 7.16444092e+03
 6.94625439e+03 7.09789551e+03 1.79333086e+04 3.52686836e+04
 6.36046631e+03 6.48665771e+03 1.27766543e+04 1.10561895e+04
 9.65925000e+03 2.07258125e+04 9.64929395e+03 1.57011963e+04
 8.02004639e+03 3.64427271e+03 1.99594512e+04 1.19599150e+04
 8.20100586e+03 2.25310400e+03 3.87177710e+03 6.84531738e+03
 1.14938994e+04 1.09693740e+04 5.63651318e+03 1.53299512e+04
 1.30310371e+04 8.02133691e+03 6.59458691e+03 7.74581396e+03
 8.15901709e+03 2.31967114e+03 9.72036914e+03 2.52262500e+04
 1.46188730e+04 1.14163418e+04 4.02412231e+03 7.50296631e+03
 1.09602158e+04 1.26207803e+04 1.74594082e+04 1.61796143e+04
 1.61001587e+03 1.37687490e+04 3.92470752e+03 3.21172832e+04
 1.20457979e+04 2.65025527e+04 5.68517432e+03 1.35756641e+04
 1.31649727e+04 7.38704639e+03 2.05309824e+04 4.87880957e+03
 7.41938867e+03 6.29470898e+03 1.20560986e+04 2.97782578e+04
 2.72487344e+04 9.24022656e+03 1.22230957e+04 1.01207148e+04
 1.47033115e+04 9.04358203e+03 2.08342734e+04 4.40408154e+03
 1.04623525e+04 1.61285400e+04 1.33537041e+04 1.19378525e+04
 7.31117432e+03 1.31918574e+04 8.82702441e+03 1.38225527e+04
 1.62143652e+04 1.95576445e+04 5.36895459e+03 1.44062861e+04
 3.02584253e+03 1.51316758e+04 2.54941348e+04 1.75883789e+04
 2.02230176e+04 1.37187393e+04 9.36656250e+03 1.16416299e+04
 1.41881279e+04 2.14145654e+03 2.13812988e+04 7.81165088e+03
 1.06165205e+04 1.48899463e+04 1.35644844e+04 8.93543848e+03
 2.38785078e+04 1.87383906e+04 1.75377109e+04 7.47496191e+03
 5.41525830e+03 7.19181006e+03 1.42875254e+04 5.21937988e+03
 3.17009741e+03 1.99984980e+04 1.20221182e+04 1.52383105e+04
 2.11770566e+04 2.08819004e+04 1.58119531e+04 7.88630664e+03
 9.20037891e+03 1.14288887e+04 1.05148975e+04 1.06915293e+04
 7.05912354e+03 8.12204492e+03 1.67971875e+04 1.37043291e+04
 6.84200244e+03 3.03172681e+03 1.64692363e+04 8.56681934e+03
 2.26213281e+03 2.04428379e+04 3.17941113e+04 1.96859258e+04
 1.00221064e+04 1.08206631e+04 1.69387656e+04 5.13360791e+03
 6.03604248e+03 1.02794248e+04 1.56499355e+04 1.50345449e+04
 1.61648965e+04 1.91786699e+04 2.63780625e+04 2.43691621e+04
 2.61055254e+04 2.15453047e+04 1.64034844e+04 1.98055605e+04
 5.68674561e+03 1.75225898e+04 2.77442505e+03 1.28128428e+04
 1.76333438e+04 8.16696338e+03 2.94757871e+04 4.18125439e+03
 1.84126289e+04 9.24605176e+03 1.61748115e+04 2.27858594e+04
 5.19951611e+03 1.81730176e+04 7.96103027e+03 1.43528330e+04
 1.42579941e+04 1.33849355e+04 2.17144375e+04 1.01232305e+04
 1.14274941e+04 1.97400508e+04 1.03908311e+04 4.05176831e+03
 2.24963887e+04 1.71474727e+04 2.21718691e+04 1.75723682e+03
 9.71835449e+03 1.68789961e+04 1.67201602e+04 2.09915898e+04
 8.43527441e+03 7.41061572e+03 5.80529785e+03 3.61192285e+03
 1.63068838e+04 1.44196172e+04 1.37350439e+04 2.30824082e+04
 1.48742500e+04 4.80292334e+03 1.78398809e+04 1.21470664e+04
 1.37475332e+04 6.92817334e+03 1.44854482e+04 1.33808076e+04
 2.93734414e+04 1.45060557e+04 1.79342324e+04 7.93990332e+03
 2.32405591e+03 9.09827930e+03 2.62407373e+03 2.17978535e+04
 9.78087695e+03 2.35439111e+03 9.53825391e+03 2.11856602e+04]
