Preprocessed Signal Shape: (179301376,)
Tokens: [6582.95035684  529.60900336  316.50892151  447.55805506  871.96771535
  524.73327006  522.33359138  521.57309365  956.34259988  747.13507753
  904.10224263  375.02504327  222.68360716 1221.94548932 1366.58005345
  462.14937671  653.50918042  203.30709231   83.71506035  354.99766353
  249.2462728   248.89095048  566.16811953  827.92261831  518.53970738
  540.31087393  314.57444013 1225.48161128  641.03405769  603.29999843
  469.324591    591.71464831  374.93940341 1073.14517011  254.59073813
  525.68025414  267.61625077  649.98257282  905.90311192 1008.83896672
  899.75116345  622.51911317  310.24481111  793.33783357  670.92473987
  307.03337685 1425.40669134  727.81927257  233.9965362   988.50151192
  698.81289003 1137.54678135  241.980887    946.59724555  634.92576259
  530.10136238  365.20831203  778.09018678  420.71913658  435.79830446
  411.49102697  565.33832115  887.48100978  632.49736281 1039.74796598
  181.96244033  909.36068129  469.99910655  293.84650001  236.80110019
  168.17253627  654.93543047  253.38541369  849.95418337  997.64198784
  190.97728284  599.14164222  499.95659901  709.81779058  442.0350506
 1122.63534507  615.41057714  613.86499744 1170.58259304  659.50172621
 1731.62790086  408.98069393 1154.5189076   855.67734843 1515.60770808
  736.19329271  358.70389315  978.84327442  483.98111736  864.46394715
  692.1354322   528.87644511  160.84298592  506.7286666   372.35813823
 1129.67568073  110.46586606 1191.22799191  566.65818393  450.87468257
  546.09798255  456.58915391 1347.07854003 1200.52969336  488.6155714
  768.32213842  131.65766244 1405.1156616    71.28704894  548.60102575
  502.58268625 1216.24608239  156.06831572  621.72334963  934.31044075
  317.08529303 1016.12453527  607.34200018  223.84881358  566.02401694
  154.01647956  679.94831153  730.20076611  755.08902454  863.97290058
 1114.58576018  851.39897495  393.18954767  756.71713773  212.20186131
  944.16405732  451.1267856   355.16074694  460.98457818  447.27938288
  567.62872082 1035.60208534  686.95625801  438.25758215  821.98254815
  359.28442103  848.06617792  429.53880426  548.25694031 1381.98714789
  486.29311242  499.76541189  490.90180097  427.98148612 1295.12969676
  473.14564577  983.38973544  705.52200401  896.01912613  700.14555994
  253.84478485  668.72504872 1330.31318213  626.08746406  463.35435036
 1096.72815903 1005.38289366  221.25383756  780.41967341  505.83612249
  711.80138701  372.06121898  452.62674987  510.598691    355.23886298
 1378.90014863  785.35913815  395.2743404   788.75804519  145.94156781
  551.29689589  471.37528274  584.7612284  1615.19405141  383.0549953
  161.41998539  437.20962455  679.183261    302.52863768  663.00216449
  235.29572195  582.83919366  393.77484521 1072.5299691   529.51556265
  939.14754096  806.93586455   85.85201426  394.65974212  467.38957966
  931.27656783 1099.51700316  632.12687872  803.57627291  398.66814539
  923.58187502  674.13537661  487.93266548 1175.58998088 1155.70496836
 1440.87401048  698.70694338  492.10478947  504.04095409  675.11866605
  271.62012448  256.73705907  842.20093677  965.02829827  179.09766921
 1096.82299333  259.04264215 1203.22453635  464.09675178 1341.39442586
  337.18023364  615.23055824  600.59194661  491.3695403   929.37018605
  531.50859705  434.59662988  973.38558394  359.98759696 1074.7650459
 1293.91953816  273.51210505  661.26988611  621.92298664   55.94345704
  259.95285885  894.32682363  388.57307289 1276.71051096  479.61953215
  559.63534598  265.759353    889.76777929  379.85608092  371.70174354
  331.77606378  108.37400615  417.90820577 1194.06099719 1231.12659394
  734.95760228  752.42213638  864.99387413  628.84611682  695.06226904
   75.4979472   982.97899533 1092.29358237  711.37856531  804.94855135
  557.52509583  551.13538502  236.11851892  336.61141074 1010.46140301
  658.08908703  364.21875186  370.28494009  301.06032606  821.92205935
  613.01893885  219.67085412  535.46708596  658.60313383  460.26813227
  202.29978478  942.79222286  830.72150544  743.93832922  347.37115731
  316.12204661 1028.01071943  763.33347233  507.61449524  280.83936633
  817.94771993  309.78450292  738.56518654  747.82975705  851.85758218
  590.58442154  190.67008559  978.77975111 1320.47885716  732.4470524
  609.5743845   656.53362109  623.27031076  573.33465314  745.07494888
  992.66524587  352.00593351 1612.29381467  214.114085   1280.4074734
   39.06263436  365.93728465  706.67242945  812.16362855 1453.39244197
  877.7769712   221.2347511   465.05744524  863.98950839  687.03623467
  595.15481301  431.71782685  907.32366373  700.14141284  846.0344006
  407.12577745 1275.54824028  478.21564847  703.13232875  530.21033335
   18.86906195  750.23067725  695.87911409  307.98720669 1073.18032029
  308.61026888  291.36669116  848.83274389  729.43126361  887.68996995
  282.73837676  947.76373773 1062.25240406  888.91639219 1108.48167562
  996.27764139  249.67221913  369.4968684   696.31057793 1153.32086892
  633.05507758   41.80517382  591.27809517  218.33734651 1051.69269277
 1137.23682309  888.52750622  924.28885791  345.83015871 1153.09685066
  551.01863436  473.63853321  455.74498626  331.80477613  555.42017417
  544.48424022  247.1357147   730.4595298   466.10488985  892.49604161
  596.75944748  948.20598851  695.45315751  267.24608324  700.15904371
  498.18660844  740.26799158  382.0784642   461.64165755  606.3028063
   71.69561218  474.97164255  525.95898301  411.98445883   50.11085274
  691.76690791   19.16917692  791.48740958  432.53756223  439.08392153
  604.85185937  362.92068426  853.90682571  983.02555665 1201.46373652
 1067.6211591   587.88257562  649.65950967 1402.65983956  527.93662055
  524.68125719  254.21686222 1000.47343215  482.56480151  604.05640234
  715.08191448  929.60965546  457.94731373  519.89948253  597.07468489
  227.44581328  457.0547859  1229.93854431  658.6694068   752.21054505
  692.3790614   220.50783573  711.38056858  746.55317312  203.15672731
  517.56245572  992.00042508  631.94594787  649.45496238   45.90451541
  867.60755782  941.78743177  837.93365529  499.75560632  582.31958554
  314.67682944  106.63850041  441.17964136  974.44599953  291.78551699
  769.97899634  795.68633533  285.35711425  849.5639399   787.52438666
  577.0139513   293.59505171  593.7129266   650.10606603 1224.74526889
  565.75439275  221.93864492  459.40962678  859.39124375  562.76963737
  757.45041063  908.28800265  987.42202728  533.81897874  335.98319567
  390.41671093 1064.56093262  628.36831588  566.38756943  921.08924263
  895.83257628  942.15270166  251.57367696  395.89831979 1532.5731075
   73.1149893   379.15448523  992.91013766  256.89538583  786.65749459
  535.18643176  957.59261939  586.58787176  665.48780118 1340.33631708
  329.01847416  795.42096836  831.30870004  358.38317753 1728.00013086
  775.98714084 1491.84606958  688.61644668  793.63736259  490.78520599
  747.97655278 1385.8021618   889.05903218  534.72738271  725.50355328
  305.39979409 1159.87579792 1180.62573938  224.71021157  404.42372559
  317.7993798   332.13075351  332.93758887  286.28742142 1053.48992641]
